a <- 12
b <- 155
x <-a/b