a <- 12
b <- 155
x <-a/b
a <- 12
b <- 3
c <- 2
